22.317856736650057, 1.9626764552613929, 0.82640903172424274, -2383.2236395134901
24.386113898623677, 46.631067530272389, 0.22284673691959309, 99.799872612239042, 0.94180263479866189, 0.064662598827854453, 0.075669193868132492, -2142.4397651737554
98.425236115320928, 1.8592547621493032, 0.29012780822748657, 3.6167977669687899, 0.74729215524388359, 0.001064145678543234, 0.043414409144829809, -2319.7018566338411
99.651834156008633, 18.606124563470104, 6.539020308615207, 44.463612083178099, 0.1292856689047919, 1.4540263127526722, 0.64513998314226362, 0.17014407410623164, 0.14258616030004478, 0.023680219528828723, 0.12490033136109797, -2154.9896550345475
23.257859349805528, 99.804189378668482, 0.69068479904408542, 1.0526635475517405, -2211.579745772885
468.10340713524391, 8.2876671037238321, 1.9704766662497704, 0.82343694141749602, -2322.554198199296
37.713875809576081, 18.885823278623, 99.68380984003295, 0.63470464775336621, 0.99880914937963305, -2199.1824159582316
43.659289567093538, 2.7659682601119884, 4.490932427568648, 0.19198324486652826, 0.1420235437428711, -1086.7103754333336
7.4626967010187144, 56.897189055617226, 0.028327860824924979, 0.58240008414261357, 0.18718308135415476, 0.54228378480047978, 0.19097548647716714, 3.3021010349675799, 0.72046628389373646, -473.07539553979842
56.270824564626963, 2.8699820386964219, 0.57368782739016588, 46.220407746800063, 0.86028548448728948, 0.012137859553651643, 3.8414913173399845, 0.18751076112123882, 0.13694202156835836, -1085.143708838388
5.1528675515468461, 8.6237719116440559, 23.916275272021469, 5.8447886037450054, 0.049965025322596765, 0.64482806883133559, 0.44948281446266791, 0.041375623675889421, 9.5811920559680885, 1.160243295505935, 0.17425018384839167, 3.7820072145454513, 0.69490720651356197, -481.06342875182781
11.435669818421115, 0.010002865991837556, 1.2356934165756808, 1.1277256138514054, 1.6075646790223312, 0.38050761049448906, -610.96770425401053
14.158959773419681, 83.589636439745746, 3.3731269957452166, 5.7033173860548185, 0.13447240434489108, 0.12726709433323385, -1074.2860967316255
62.515158078123505, 9.5138070021425616, 0.010002014635397129, 1.4060645104954879, 1.0649427892308514, 1.4766381930414023, 0.43024478714277931, -611.92492058922801
41.540770730599533, 50.784866878543617, 2.851995012367913, 0.36062515424260116, 4.4707996712215232, 0.02152155720091609, 0.1517071492438172, 0.16565611845976144, -1083.261461948131
37.419753142607654, 2.123953286753157, 0.28874954711883349, 3.4727546325935506, 10.085760077212718, 2.574903401215193, 9.9756467480283391, 1.0645245846599691, 0.41416176115675046, 0.036415594400596385, 0.38932608321016449, 0.086178055552596292, -600.30336069605892
1.1173263892209824, 41.679618906152001, 6.7141614539047403, 0.45072096126044686, 14.06622014342749, 0.59165470255504915, 4.1317643777201809, 7.8181610815022067, 1.2479647375330218, 0.64736039709745419, 0.6052015921759718, 0.74801852949015446, 0.19129400613569464, 0.13688449219632245, 0.087028554498311456, 1.8468795859151264, -503.8842177636007
1.7436703633262416, 2.8911077950133723, 0.36925196693310813, 99.681472691603503, 10.426475291712864, 3.5764360664978163, 3.8103048818142637, 3.9462841085615468, 9.6893520092294132, 0.27019562781738454, 0.81488828330571494, 0.11057824393109844, 0.16089474457591249, 1.3852934364694842, -668.01224379113512